
$orca_hessian_file

$act_atom
  14

$act_coord
  2

$act_energy
     -271.391154

$hessian
45
                    0                  1                  2                  3                  4        
    0      7.1509258513E-01  -3.0572781357E-02   4.0803002629E-05  -1.2912685789E-01   4.6119774829E-02
    1     -3.0572781357E-02   6.9387074712E-01   1.3333520023E-05  -1.9896192728E-02  -3.4208544266E-01
    2      4.0803002629E-05   1.3333520023E-05   1.3085166738E-01  -2.5606607768E-05   4.6757624836E-05
    3     -1.2912685789E-01  -1.9896192728E-02  -2.5606607768E-05   7.2664773695E-01   2.8571506612E-02
    4      4.6119774829E-02  -3.4208544266E-01   4.6757624836E-05   2.8571506612E-02   6.9313692649E-01
    5      1.0864983339E-05   2.0311900856E-05  -5.9609498048E-02  -4.1909283899E-05   1.6471849887E-05
    6      2.7960258110E-02   8.0834030167E-02   1.9339041876E-05  -3.0312911777E-01   5.5075058739E-02
    7      3.1518535789E-02  -2.1576755717E-02  -2.1930005623E-05   1.2114961963E-01  -1.7080357251E-01
    8     -5.4672002211E-06  -2.1516298971E-05   7.8172621603E-03   1.7986360956E-05  -1.1435511255E-05
    9     -1.5140492039E-02  -2.7753541954E-02   2.4499787044E-05  -5.8293458223E-02   1.7773981576E-02
   10     -2.6581904150E-02  -5.4352297751E-02   5.1929427891E-05  -3.2627867539E-02   6.4007831860E-02
   11     -7.0895138110E-06  -1.4240769133E-05  -7.0416840939E-03   4.9262179817E-06  -7.3570211690E-07
   12     -5.5988953773E-02  -2.9676750324E-02  -1.4352246746E-05  -2.1628570027E-02   2.9956462703E-02
   13      1.6519718580E-02   6.1555658289E-02   1.3404424134E-05   3.2106611426E-02  -4.8188380808E-02
   14     -1.5143335074E-06   1.0878795804E-06   8.5011339195E-03   3.3565789030E-06  -5.0021098919E-06
   15     -2.6468022837E-01  -5.5387974980E-02   1.0539600315E-05   4.2984883834E-02  -7.4538675551E-02
   16     -1.2220543192E-01  -1.8129456146E-01  -5.2809673030E-05  -2.4172246405E-02  -3.4635767381E-02
   17     -5.1614068910E-05  -9.2346437665E-06  -6.7323381913E-02   3.3629594008E-05  -5.7261877205E-05
   18     -3.1466714770E-03   3.9799475174E-03  -2.3070812764E-05   4.0978810635E-05   9.8450605422E-04
   19      3.0219990705E-03  -9.9578641712E-04  -1.6997928287E-05   8.9242927702E-04  -5.8433750344E-04
   20     -1.7583311351E-06   4.8624312930E-07   6.3043532450E-03   2.4777818361E-07  -1.7088169613E-06
   21      6.6596208676E-03  -2.9324981780E-02  -3.1279483782E-06  -5.2284107953E-03  -3.3253223870E-03
   22     -3.8372387336E-03  -2.7391822707E-02  -1.9577675175E-06  -2.8799205861E-03   3.9321784856E-03
   23      7.5572112320E-06   8.2628260430E-06   3.3893811067E-03  -3.9455789991E-06   1.0045186429E-06
   24     -2.8239199806E-01   1.0813245489E-01  -6.2368653625E-06   1.4615898011E-03  -1.4060134573E-03
   25      1.0710116772E-01  -1.1154244065E-01  -5.1358284046E-06   3.0681761340E-02  -9.3783105094E-03
   26     -1.1407218782E-05   1.1119464800E-07  -3.5565642377E-02   1.3110873234E-06  -6.6312903949E-06
   27      4.9748463142E-03   3.1788419823E-03  -1.9982525543E-05  -2.5374999310E-01  -1.2755272278E-01
   28     -2.8198967093E-02  -1.2197683551E-02  -1.7943057462E-05  -1.2771594091E-01  -1.4377490781E-01
   29     -3.6478776379E-06  -3.4373934193E-06   2.5542667967E-03   1.3247742290E-05   7.6481581470E-06
   30     -4.7668090509E-03   9.9573201796E-04   3.7580847512E-07   2.7594048081E-03   3.0122771600E-02
   31      2.7861644922E-03   1.1444878561E-03  -1.7028291467E-05  -1.7603213186E-03  -1.0133888286E-02
   32     -9.8618713364E-07   2.8530649600E-07   6.9912387286E-03   2.1009862784E-06  -2.9309267364E-06
   33      3.2764831652E-04  -7.8337683640E-04   1.5203137340E-06  -2.3112253432E-03  -4.3411846678E-03
   34     -7.7269544459E-04  -8.7265530350E-04  -5.8312794068E-06  -3.1186152029E-03  -1.5067992011E-03
   35     -2.9501766110E-08   1.8924596245E-06  -4.8581553392E-04  -4.0265633898E-07  -7.3838346569E-07
   36      6.1298690945E-04   2.0837937058E-04   4.1253516672E-06  -4.3192991997E-05   5.4434055197E-04
   37      2.3903669161E-03  -6.7471624976E-03   3.7268868227E-06  -1.8452930409E-03   3.6272382045E-05
   38     -8.8461321614E-07  -1.4734702755E-07   1.3278830173E-03   6.0099538046E-07   2.5574433838E-07
   39     -2.0847937317E-04  -2.2502665336E-03  -2.1727393447E-04  -3.9057586484E-04   1.2461258976E-03
   40      1.0959104645E-03   1.1472642953E-03   7.4341362570E-04   3.9667082126E-04   7.0352755972E-05
   41      5.1989223461E-04   5.2915099123E-04   1.1703175420E-03   2.7343623690E-06  -4.0570532336E-04
   42     -2.0995292626E-04  -2.2493168689E-03   2.1141139044E-04  -3.9082945741E-04   1.2466672583E-03
   43      1.0887629431E-03   1.1423113081E-03  -7.2969348445E-04   3.9967985602E-04   6.9017128296E-05
   44     -5.1756229549E-04  -5.2546814006E-04   1.1545104460E-03  -4.3701321125E-06   4.0560187269E-04
                    5                  6                  7                  8                  9        
    0      1.0864983339E-05   2.7960258110E-02   3.1518535789E-02  -5.4672002211E-06  -1.5140492039E-02
    1      2.0311900856E-05   8.0834030167E-02  -2.1576755717E-02  -2.1516298971E-05  -2.7753541954E-02
    2     -5.9609498048E-02   1.9339041876E-05  -2.1930005623E-05   7.8172621603E-03   2.4499787044E-05
    3     -4.1909283899E-05  -3.0312911777E-01   1.2114961963E-01   1.7986360956E-05  -5.8293458223E-02
    4      1.6471849887E-05   5.5075058739E-02  -1.7080357251E-01  -1.1435511255E-05   1.7773981576E-02
    5      1.3137040878E-01   1.9256720213E-05  -5.6890247125E-06  -6.0116201114E-02   1.9901001033E-05
    6      1.9256720213E-05   6.7965004900E-01  -4.6053138313E-03  -1.1135386528E-06  -2.7961301427E-01
    7     -5.6890247125E-06  -4.6053138313E-03   7.4401903794E-01  -3.9855896326E-06  -1.3366088767E-01
    8     -6.0116201114E-02  -1.1135386528E-06  -3.9855896326E-06   1.2758812014E-01  -9.9844519135E-06
    9      1.9901001033E-05  -2.7961301427E-01  -1.3366088767E-01  -9.9844519135E-06   7.3144549575E-01
   10      1.3369177052E-05  -6.7661364275E-02  -1.9416343318E-01  -1.2322094119E-05  -2.3906922702E-02
   11      7.7160327212E-03  -7.3249783123E-06  -1.5406932670E-06  -6.0805560392E-02   2.6694277090E-05
   12     -2.3800315997E-05   3.9844409017E-02  -2.4238764138E-02   1.6629477561E-05  -1.2855332381E-01
   13      1.9413424492E-05  -7.4044320865E-02  -3.3511543432E-02  -3.6244345252E-06   4.5033839832E-02
   14     -7.3859407065E-03   2.0749266000E-06   3.9565805129E-06   7.8710081860E-03  -7.3517283093E-06
   15      4.6835488995E-06  -7.1622473901E-02  -4.7386281231E-03  -1.7537561432E-05   2.8919527349E-02
   16     -1.8444342683E-05  -5.7631742275E-03   1.3719472616E-03   1.5191656150E-05   3.2854720944E-02
   17      6.2731713033E-03   2.0196592101E-06   1.1504772143E-05  -6.9008509382E-03  -2.2193160689E-05
   18     -5.4960266130E-06   1.6920065572E-03   8.0275503569E-04   6.1171264588E-06   4.6297049276E-03
   19     -5.6972136741E-06   1.8759772192E-03  -5.3238202084E-03   5.2666227827E-06  -2.8787775978E-02
   20     -4.0968024222E-04   3.4239010539E-06   1.8610109582E-06   7.1125116460E-03  -4.5258295983E-06
   21     -7.0689240855E-07  -9.6618713288E-04   1.2311429968E-03   3.2398861674E-06  -3.9654484829E-03
   22     -4.3722782576E-06   1.7754427184E-03  -9.7788674323E-04   4.8877820484E-06   3.2234671974E-04
   23      5.4200891025E-03  -6.6545148723E-07  -2.2777308336E-06  -8.8086638982E-04   1.8849908921E-06
   24      1.4012199593E-05   1.8728120912E-03   6.1557640615E-05  -1.7249539979E-06   2.6454169709E-04
   25     -7.4783258826E-06  -8.6762730800E-04  -5.5328183817E-03   2.9364567160E-06  -8.9941481830E-04
   26      2.5974172624E-03   2.6928579520E-06   1.4902125597E-06   7.3288028874E-03  -4.2603194181E-06
   27      9.8267549320E-07  -1.8415791459E-02  -1.8159609820E-02   1.2784958123E-05  -3.1574787934E-03
   28     -1.9047352500E-09   1.3231015934E-02   1.1740086694E-02   9.9021210991E-06   2.9365115518E-03
   29     -3.6195048965E-02  -7.2623279130E-06   1.1568085556E-06   2.7375268361E-03  -4.0631612637E-07
   30      1.6822036439E-06  -6.0903322543E-02   1.6731814882E-02  -2.5376052117E-05   6.2740379736E-03
   31     -2.3235663168E-05   1.6644612045E-02  -3.3634281097E-01   1.4569859364E-05   3.7554047812E-03
   32      2.2857577510E-03  -2.6214787718E-05   1.2063271997E-06  -3.4515853965E-02  -1.7530645344E-06
   33      7.1064938460E-07  -1.8774078040E-02   1.4540552741E-02   4.4670520163E-06  -2.8199244438E-01
   34     -2.5789857818E-06  -1.6953621557E-02   1.1773285055E-02   2.3001878801E-06   1.1129865406E-01
   35      7.1922664642E-03   7.1249431005E-07   3.3540980700E-08   2.8225515506E-03  -2.3812125378E-05
   36     -2.0917221564E-06   2.4182965387E-04  -8.0639295050E-07   2.0838350471E-06   2.5564218926E-04
   37     -6.4489444832E-07   3.0146416629E-04   7.9359317444E-05   1.2579031105E-06   8.0268640065E-06
   38      5.2791657644E-04   1.3383743047E-07   3.5449196172E-07   1.8960339396E-05  -4.0791587959E-07
   39     -4.2157131541E-04   8.7805918886E-04  -2.5592752301E-04  -4.6257571245E-05  -4.6150374134E-04
   40      9.3223702914E-04   1.6503727212E-04  -3.5915612987E-04  -2.2019002426E-04   3.9995458925E-04
   41      1.7474036981E-04  -3.2458405897E-04   7.5123486719E-05   1.8987991077E-06   4.9746805485E-05
   42      4.2493135577E-04   8.7830678142E-04  -2.5512927670E-04   4.3182033462E-05  -4.6164156596E-04
   43     -9.3390637176E-04   1.6331447434E-04  -3.6037582441E-04   2.1953492653E-04   4.0206521436E-04
   44      1.8072698976E-04   3.2438779889E-04  -7.4973916227E-05  -2.8327403906E-06  -4.9600499697E-05
                   10                 11                 12                 13                 14        
    0     -2.6581904150E-02  -7.0895138110E-06  -5.5988953773E-02   1.6519718580E-02  -1.5143335074E-06
    1     -5.4352297751E-02  -1.4240769133E-05  -2.9676750324E-02   6.1555658289E-02   1.0878795804E-06
    2      5.1929427891E-05  -7.0416840939E-03  -1.4352246746E-05   1.3404424134E-05   8.5011339195E-03
    3     -3.2627867539E-02   4.9262179817E-06  -2.1628570027E-02   3.2106611426E-02   3.3565789030E-06
    4      6.4007831860E-02  -7.3570211690E-07   2.9956462703E-02  -4.8188380808E-02  -5.0021098919E-06
    5      1.3369177052E-05   7.7160327212E-03  -2.3800315997E-05   1.9413424492E-05  -7.3859407065E-03
    6     -6.7661364275E-02  -7.3249783123E-06   3.9844409017E-02  -7.4044320865E-02   2.0749266000E-06
    7     -1.9416343318E-01  -1.5406932670E-06  -2.4238764138E-02  -3.3511543432E-02   3.9565805129E-06
    8     -1.2322094119E-05  -6.0805560392E-02   1.6629477561E-05  -3.6244345252E-06   7.8710081860E-03
    9     -2.3906922702E-02   2.6694277090E-05  -1.2855332381E-01   4.5033839832E-02  -7.3517283093E-06
   10      6.8770687371E-01   7.5910748570E-06  -2.1017633446E-02  -3.4075818979E-01   2.1397728150E-07
   11      7.5910748570E-06   1.3174649519E-01   6.2178173505E-06   1.1500789320E-06  -6.0883133927E-02
   12     -2.1017633446E-02   6.2178173505E-06   7.1142635300E-01   3.2649079512E-02  -2.6028634331E-05
   13     -3.4075818979E-01   1.1500789320E-06   3.2649079512E-02   6.9802643569E-01   2.7640352502E-05
   14      2.1397728150E-07  -6.0883133927E-02  -2.6028634331E-05   2.7640352502E-05   1.3103661384E-01
   15      8.2430436189E-02  -2.0161017328E-05  -2.8616630276E-01   4.3419513974E-02   7.9927510834E-06
   16     -1.9482922516E-02   6.7566003285E-06   1.1352737062E-01  -1.6466131050E-01   1.3005554236E-05
   17     -1.6328461545E-05   6.2730458895E-03   3.7462331897E-05  -3.7199631993E-05  -6.5279288343E-02
   18      3.1004015401E-03   4.4028621887E-06  -2.5526840426E-01  -1.2503856452E-01   4.7203635330E-06
   19     -1.2840575110E-02   2.9973434925E-06  -1.2493005811E-01  -1.3826506470E-01  -2.1972076513E-05
   20      2.4827304839E-06   2.5134971975E-03   5.9245697494E-06  -1.1308089553E-05  -3.5173742158E-02
   21      6.4365220637E-04   3.4086278479E-06   1.0781191478E-04   3.0900096964E-02  -1.3586354266E-06
   22      8.8909187392E-04   1.7673778600E-06   5.3227582302E-03  -1.9195007593E-02   7.7375516725E-07
   23      2.7317113948E-06   8.0614837470E-03   1.1681370085E-05  -1.2149877406E-05   5.8454129363E-03
   24     -8.1824653025E-04   3.6206463961E-06  -2.1517381938E-03  -4.1903721492E-03  -2.6069476702E-06
   25     -8.1018692554E-04  -4.7537195652E-07  -2.9495721211E-03  -2.1606423251E-03   1.8291941208E-06
   26     -7.2807542416E-07  -4.0832303629E-04   5.5093049107E-06  -5.0721225079E-06   6.5154408738E-03
   27      4.1301482593E-03   8.0769866736E-06   1.3101688269E-04   9.0791701319E-04  -1.1085640813E-06
   28     -6.6179553577E-04   5.5693256723E-06   8.9170680200E-04  -6.7242577027E-04  -2.2363920622E-07
   29     -3.4932099322E-06   7.0288338861E-03   2.7037643615E-06   9.2466240557E-07  -4.0565987819E-04
   30     -2.7893112000E-02   2.1230906185E-06  -4.3388059209E-03  -1.6407985199E-03  -4.5471705130E-07
   31     -1.3383916326E-02   1.1963926228E-05  -3.4712862353E-03   5.6598595335E-04  -4.1633948388E-07
   32     -4.3709976690E-06   2.3430700918E-03   1.5810639471E-06   9.9623778582E-07   7.2822218245E-03
   33      1.1106943453E-01  -2.2168143442E-05   1.7128062716E-03  -1.4576984392E-03  -8.8870849831E-07
   34     -1.1507547950E-01  -2.1467411538E-05   2.9941627650E-02  -8.8602630788E-03   1.0865901771E-06
   35     -2.1087926868E-05  -3.5888256393E-02   1.2246597905E-07  -1.7250792631E-06   2.6788838448E-03
   36     -1.3724062167E-04   2.0806335154E-06   5.5291730399E-04   2.0186721472E-03  -2.0044012123E-05
   37     -6.3071539303E-05   6.7179344105E-07  -2.1853035584E-03   1.7836502638E-03   2.5344990063E-05
   38     -3.5080941699E-07  -1.5162651822E-04  -1.5935553254E-05  -7.0585344626E-06   7.3702869183E-05
   39     -4.8105029937E-04  -5.8566442415E-04   8.6039441424E-05   1.6316178738E-03  -1.1889284850E-07
   40     -4.9022409324E-04   1.4897822876E-03  -1.6653735670E-03  -2.9933700324E-03  -3.8012939282E-04
   41      3.3706454523E-04  -2.2997523326E-04  -5.2116952485E-04   3.6506600162E-05  -3.2541477186E-04
   42     -4.8137623179E-04   5.8328124894E-04   8.6931090627E-05   1.6325167039E-03   2.0177659135E-06
   43     -4.8861005274E-04  -1.4910835767E-03  -1.6647579042E-03  -2.9986081664E-03   3.8140192532E-04
   44     -3.3689055372E-04  -2.3329249649E-04   5.2113739416E-04  -3.8585516132E-05  -3.2486447962E-04
                   15                 16                 17                 18                 19        
    0     -2.6468022837E-01  -1.2220543192E-01  -5.1614068910E-05  -3.1466714770E-03   3.0219990705E-03
    1     -5.5387974980E-02  -1.8129456146E-01  -9.2346437665E-06   3.9799475174E-03  -9.9578641712E-04
    2      1.0539600315E-05  -5.2809673030E-05  -6.7323381913E-02  -2.3070812764E-05  -1.6997928287E-05
    3      4.2984883834E-02  -2.4172246405E-02   3.3629594008E-05   4.0978810635E-05   8.9242927702E-04
    4     -7.4538675551E-02  -3.4635767381E-02  -5.7261877205E-05   9.8450605422E-04  -5.8433750344E-04
    5      4.6835488995E-06  -1.8444342683E-05   6.2731713033E-03  -5.4960266130E-06  -5.6972136741E-06
    6     -7.1622473901E-02  -5.7631742275E-03   2.0196592101E-06   1.6920065572E-03   1.8759772192E-03
    7     -4.7386281231E-03   1.3719472616E-03   1.1504772143E-05   8.0275503569E-04  -5.3238202084E-03
    8     -1.7537561432E-05   1.5191656150E-05  -6.9008509382E-03   6.1171264588E-06   5.2666227827E-06
    9      2.8919527349E-02   3.2854720944E-02  -2.2193160689E-05   4.6297049276E-03  -2.8787775978E-02
   10      8.2430436189E-02  -1.9482922516E-02  -1.6328461545E-05   3.1004015401E-03  -1.2840575110E-02
   11     -2.0161017328E-05   6.7566003285E-06   6.2730458895E-03   4.4028621887E-06   2.9973434925E-06
   12     -2.8616630276E-01   1.1352737062E-01   3.7462331897E-05  -2.5526840426E-01  -1.2493005811E-01
   13      4.3419513974E-02  -1.6466131050E-01  -3.7199631993E-05  -1.2503856452E-01  -1.3826506470E-01
   14      7.9927510834E-06   1.3005554236E-05  -6.5279288343E-02   4.7203635330E-06  -2.1972076513E-05
   15      6.7503486010E-01  -4.3953642252E-03   3.2492423752E-05  -1.8698758841E-02   1.2051150043E-02
   16     -4.3953642252E-03   6.5971707737E-01   7.1916120275E-05  -1.7250337443E-02   9.1156536010E-03
   17      3.2492423752E-05   7.1916120275E-05   1.7240683122E-01  -7.5857671562E-06   1.8500482365E-06
   18     -1.8698758841E-02  -1.7250337443E-02  -7.5857671562E-06   2.6932775379E-01   1.3520306642E-01
   19      1.2051150043E-02   9.1156536010E-03   1.8500482365E-06   1.3520306642E-01   1.4590235091E-01
   20      5.9146236980E-06   3.6460757318E-06   2.9827582987E-03  -2.2877883142E-05  -3.3432769064E-06
   21     -8.9134035114E-02   5.1930520419E-03  -1.0484774653E-05   6.7772560690E-04   1.3938124528E-03
   22      1.1879317275E-02  -2.2977840065E-01   5.6864867650E-07  -2.1067908111E-03   1.5571457639E-03
   23     -1.0444638601E-05  -4.3268025381E-05  -7.0074651634E-02   2.7352477662E-05   2.7325182111E-05
   24     -1.9179203294E-02   1.3948929785E-02  -1.2340681475E-05  -1.0858767473E-03   7.1356061764E-04
   25     -1.5992867854E-02   1.0805347455E-02   5.2057577572E-06  -9.7977634377E-04   5.9413104280E-04
   26      3.6279956289E-06   2.5852101117E-06   2.9269122554E-03  -1.4753428550E-06  -1.1103563639E-07
   27      1.5016381543E-03   1.0718770347E-03   3.5311501565E-06   1.5477130751E-05  -6.5435479218E-05
   28      2.2357826992E-03  -5.1496737559E-03   8.3110294047E-06  -1.5724142667E-04   1.7472115792E-04
   29     -3.6472513042E-06   8.5583120195E-07   7.6803548304E-03   2.3126677583E-06   1.4304685403E-06
   30     -1.5888832399E-03  -2.6567672598E-04  -3.1271938516E-06   2.0516646103E-04  -1.4142579866E-03
   31     -1.2172116852E-04   6.6847250066E-04   2.3606156340E-05   2.1151023046E-04  -7.2676654299E-04
   32     -1.7621966248E-06  -4.0560187695E-07  -6.3542162637E-04   6.6837849775E-07   1.6095989349E-07
   33      1.8730480864E-03  -2.2360989272E-04  -1.1572483103E-05   9.1256257235E-04   4.2523175678E-04
   34     -1.3181588675E-03  -5.4393224149E-03   9.6827044909E-06  -3.0791472601E-04   1.2538519003E-03
   35      2.1628453614E-06  -2.4836680021E-06   7.1731672519E-03  -2.0120197730E-07   5.1750557149E-07
   36      3.3483013225E-03   2.2097441449E-03  -4.4370143931E-06   3.6260643608E-04  -2.5047604928E-04
   37     -3.1738771248E-02  -1.3455033923E-02  -7.3796827190E-06   1.1811512313E-03  -1.1218481360E-06
   38      2.9765498632E-06   4.6768301135E-07  -1.5445423606E-03  -2.2545798934E-06  -2.7802547270E-06
   39     -1.4070250926E-03   2.7252584642E-03   9.6900853826E-04   2.5362520888E-04  -1.3151263008E-05
   40      1.8073214213E-02  -1.3935625485E-02  -2.6708744219E-02   1.1639817395E-04   4.4260405603E-05
   41     -1.3324236976E-03  -1.9611312777E-04   3.0445913263E-03  -7.7727542916E-05   2.4528441289E-05
   42     -1.4034894187E-03   2.7166241143E-03  -9.5724492370E-04   2.5466010555E-04  -1.3187888697E-05
   43      1.8076159224E-02  -1.3928497736E-02   2.6703824321E-02   1.1652609191E-04   4.4303425382E-05
   44      1.3383522474E-03   1.9962357841E-04   3.0508477897E-03   7.7343713492E-05  -2.4533052170E-05
                   20                 21                 22                 23                 24        
    0     -1.7583311351E-06   6.6596208676E-03  -3.8372387336E-03   7.5572112320E-06  -2.8239199806E-01
    1      4.8624312930E-07  -2.9324981780E-02  -2.7391822707E-02   8.2628260430E-06   1.0813245489E-01
    2      6.3043532450E-03  -3.1279483782E-06  -1.9577675175E-06   3.3893811067E-03  -6.2368653625E-06
    3      2.4777818361E-07  -5.2284107953E-03  -2.8799205861E-03  -3.9455789991E-06   1.4615898011E-03
    4     -1.7088169613E-06  -3.3253223870E-03   3.9321784856E-03   1.0045186429E-06  -1.4060134573E-03
    5     -4.0968024222E-04  -7.0689240855E-07  -4.3722782576E-06   5.4200891025E-03   1.4012199593E-05
    6      3.4239010539E-06  -9.6618713288E-04   1.7754427184E-03  -6.6545148723E-07   1.8728120912E-03
    7      1.8610109582E-06   1.2311429968E-03  -9.7788674323E-04  -2.2777308336E-06   6.1557640615E-05
    8      7.1125116460E-03   3.2398861674E-06   4.8877820484E-06  -8.8086638982E-04  -1.7249539979E-06
    9     -4.5258295983E-06  -3.9654484829E-03   3.2234671974E-04   1.8849908921E-06   2.6454169709E-04
   10      2.4827304839E-06   6.4365220637E-04   8.8909187392E-04   2.7317113948E-06  -8.1824653025E-04
   11      2.5134971975E-03   3.4086278479E-06   1.7673778600E-06   8.0614837470E-03   3.6206463961E-06
   12      5.9245697494E-06   1.0781191478E-04   5.3227582302E-03   1.1681370085E-05  -2.1517381938E-03
   13     -1.1308089553E-05   3.0900096964E-02  -1.9195007593E-02  -1.2149877406E-05  -4.1903721492E-03
   14     -3.5173742158E-02  -1.3586354266E-06   7.7375516725E-07   5.8454129363E-03  -2.6069476702E-06
   15      5.9146236980E-06  -8.9134035114E-02   1.1879317275E-02  -1.0444638601E-05  -1.9179203294E-02
   16      3.6460757318E-06   5.1930520419E-03  -2.2977840065E-01  -4.3268025381E-05   1.3948929785E-02
   17      2.9827582987E-03  -1.0484774653E-05   5.6864867650E-07  -7.0074651634E-02  -1.2340681475E-05
   18     -2.2877883142E-05   6.7772560690E-04  -2.1067908111E-03   2.7352477662E-05  -1.0858767473E-03
   19     -3.3432769064E-06   1.3938124528E-03   1.5571457639E-03   2.7325182111E-05   7.1356061764E-04
   20      2.4913537673E-02   1.7177036239E-05   7.1019846684E-06  -4.3432454663E-03  -2.4068335366E-07
   21      1.7177036239E-05   5.7878186244E-01   1.6580407027E-02   1.2176648340E-04   1.0869481672E-03
   22      7.1019846684E-06   1.6580407027E-02   5.0211102840E-01   6.7301475799E-05   1.5678723900E-03
   23     -4.3432454663E-03   1.2176648340E-04   6.7301475799E-05   5.5304566645E-01   2.0063208641E-06
   24     -2.4068335366E-07   1.0869481672E-03   1.5678723900E-03   2.0063208641E-06   2.9905506625E-01
   25      7.2779777777E-07  -2.0958807876E-04   1.1579744088E-03   5.0139646812E-05  -1.1693096944E-01
   26      3.6694918885E-04  -5.9768052837E-05  -2.9317031389E-05  -2.6592246275E-03   7.2974286680E-07
   27     -3.1074781754E-07   1.4973420613E-04   1.6394308697E-04  -1.0883481501E-06   9.0935481211E-04
   28      8.2268151224E-08  -1.5832301529E-03  -1.5377661706E-04  -1.2430202901E-06   2.8163277510E-04
   29     -1.2081691118E-03   8.5768014281E-07   8.4926117189E-07   1.5154984254E-04   4.3432905097E-07
   30      6.3429621035E-08   2.9814074811E-04   7.9627615712E-06   1.3675183994E-07   8.3132288678E-05
   31      3.8046224577E-07  -2.5454022081E-05   2.5065401492E-05  -2.9495610857E-06  -1.1487940690E-04
   32      3.6771413666E-04   5.5580049021E-07   5.2656506243E-07  -9.4209493024E-04   2.0251665752E-07
   33     -2.2032748737E-06  -6.3972922920E-05  -1.8823017833E-04   1.6071044287E-06  -2.3726408489E-05
   34     -9.2585575130E-07   1.3210790522E-03  -8.5581922082E-06  -1.0738720619E-06   1.4532776872E-04
   35     -3.8747021132E-03  -2.2820273976E-07   9.0270243615E-08   1.9370594390E-04  -3.9923756823E-07
   36     -4.1659552388E-06  -2.6682734979E-01  -1.0245520335E-01   1.6564934658E-05   2.7861470987E-04
   37      8.4647115590E-07  -9.7543628583E-02  -9.5388634182E-02  -1.6563126753E-05  -1.8552699269E-05
   38      1.7242681092E-04   1.3726434337E-05   1.9549037693E-05  -4.8739377888E-02   1.5069866276E-06
   39      4.1083208763E-04  -1.1067287785E-01   3.6997359859E-02   1.0737315703E-01  -2.8409040045E-06
   40     -5.2732113057E-04   3.7501071019E-02  -6.8180709122E-02  -6.6663584336E-02  -5.6640209313E-04
   41      1.1807791121E-04   1.0695610846E-01  -6.5582197422E-02  -2.2421317513E-01  -2.6183733099E-04
   42     -4.1166084242E-04  -1.1083519577E-01   3.6863883085E-02  -1.0749798856E-01  -2.9032631105E-06
   43      5.2782522775E-04   3.7363077690E-02  -6.8333383018E-02   6.6589386315E-02  -5.6708550791E-04
   44      1.1658848663E-04  -1.0709070478E-01   6.5493153261E-02  -2.2428131571E-01   2.6025521343E-04
                   25                 26                 27                 28                 29        
    0      1.0710116772E-01  -1.1407218782E-05   4.9748463142E-03  -2.8198967093E-02  -3.6478776379E-06
    1     -1.1154244065E-01   1.1119464800E-07   3.1788419823E-03  -1.2197683551E-02  -3.4373934193E-06
    2     -5.1358284046E-06  -3.5565642377E-02  -1.9982525543E-05  -1.7943057462E-05   2.5542667967E-03
    3      3.0681761340E-02   1.3110873234E-06  -2.5374999310E-01  -1.2771594091E-01   1.3247742290E-05
    4     -9.3783105094E-03  -6.6312903949E-06  -1.2755272278E-01  -1.4377490781E-01   7.6481581470E-06
    5     -7.4783258826E-06   2.5974172624E-03   9.8267549320E-07  -1.9047352500E-09  -3.6195048965E-02
    6     -8.6762730800E-04   2.6928579520E-06  -1.8415791459E-02   1.3231015934E-02  -7.2623279130E-06
    7     -5.5328183817E-03   1.4902125597E-06  -1.8159609820E-02   1.1740086694E-02   1.1568085556E-06
    8      2.9364567160E-06   7.3288028874E-03   1.2784958123E-05   9.9021210991E-06   2.7375268361E-03
    9     -8.9941481830E-04  -4.2603194181E-06  -3.1574787934E-03   2.9365115518E-03  -4.0631612637E-07
   10     -8.1018692554E-04  -7.2807542416E-07   4.1301482593E-03  -6.6179553577E-04  -3.4932099322E-06
   11     -4.7537195652E-07  -4.0832303629E-04   8.0769866736E-06   5.5693256723E-06   7.0288338861E-03
   12     -2.9495721211E-03   5.5093049107E-06   1.3101688269E-04   8.9170680200E-04   2.7037643615E-06
   13     -2.1606423251E-03  -5.0721225079E-06   9.0791701319E-04  -6.7242577027E-04   9.2466240557E-07
   14      1.8291941208E-06   6.5154408738E-03  -1.1085640813E-06  -2.2363920622E-07  -4.0565987819E-04
   15     -1.5992867854E-02   3.6279956289E-06   1.5016381543E-03   2.2357826992E-03  -3.6472513042E-06
   16      1.0805347455E-02   2.5852101117E-06   1.0718770347E-03  -5.1496737559E-03   8.5583120195E-07
   17      5.2057577572E-06   2.9269122554E-03   3.5311501565E-06   8.3110294047E-06   7.6803548304E-03
   18     -9.7977634377E-04  -1.4753428550E-06   1.5477130751E-05  -1.5724142667E-04   2.3126677583E-06
   19      5.9413104280E-04  -1.1103563639E-07  -6.5435479218E-05   1.7472115792E-04   1.4304685403E-06
   20      7.2779777777E-07   3.6694918885E-04  -3.1074781754E-07   8.2268151224E-08  -1.2081691118E-03
   21     -2.0958807876E-04  -5.9768052837E-05   1.4973420613E-04  -1.5832301529E-03   8.5768014281E-07
   22      1.1579744088E-03  -2.9317031389E-05   1.6394308697E-04  -1.5377661706E-04   8.4926117189E-07
   23      5.0139646812E-05  -2.6592246275E-03  -1.0883481501E-06  -1.2430202901E-06   1.5154984254E-04
   24     -1.1693096944E-01   7.2974286680E-07   9.0935481211E-04   2.8163277510E-04   4.3432905097E-07
   25      1.1542158115E-01   2.3038862360E-06  -5.1774892989E-04   1.2507136001E-03  -3.6769043317E-07
   26      2.3038862360E-06   2.4617226427E-02   1.0584206378E-06   1.6296140475E-06  -4.0021538910E-03
   27     -5.1774892989E-04   1.0584206378E-06   2.6765014409E-01   1.3778855131E-01  -6.3835360487E-06
   28      1.2507136001E-03   1.6296140475E-06   1.3778855131E-01   1.4888400440E-01  -6.3045835068E-06
   29     -3.6769043317E-07  -4.0021538910E-03  -6.3835360487E-06  -6.3045835068E-06   2.5415438344E-02
   30      1.4659445983E-03  -1.9797788951E-07   1.4011445113E-03  -3.5993867889E-04   1.0002695451E-07
   31     -4.9694866690E-04   2.3902864664E-06   7.0664827646E-05   7.0717516369E-04   5.6256047374E-07
   32      2.0618594915E-07   3.1481704008E-04   1.5350702321E-06   1.3955797443E-06  -3.9115879677E-03
   33     -2.5824364510E-05  -1.8402476069E-06  -1.0911131908E-03   7.6487441426E-04   1.5556318561E-06
   34      2.5780912067E-04   1.0558306439E-06  -9.4454030477E-04   4.5239826669E-04  -3.6148429048E-07
   35      1.5031689972E-07  -1.2673164790E-03  -4.2177231919E-07  -1.4642960454E-07   2.8271576928E-04
   36      1.7631666486E-04   1.9747465379E-06  -1.2414771905E-05  -3.8067420060E-05   3.2274873557E-07
   37      9.6001528956E-05   3.8482131463E-07   1.3467267713E-06  -5.7946645570E-04   8.6651574832E-08
   38      1.0752415878E-06  -2.3834290114E-04   2.6065121005E-07   3.2958213515E-07  -1.7547088165E-04
   39     -3.4972365780E-05   4.3376568133E-04   2.2312855987E-06   5.4062846183E-05   1.7467703542E-05
   40      1.4676950098E-04  -4.8295283328E-04  -6.2402931993E-05  -1.6001844216E-05  -2.9601461668E-05
   41     -1.4627644675E-04  -3.1751314023E-04  -4.4314867123E-06  -4.8582021407E-05   1.9025014021E-06
   42     -9.9569249271E-05  -3.7694774137E-04   2.3676881136E-06   5.4334469970E-05  -1.7963763448E-05
   43      1.1003041757E-04   5.1041307513E-04  -6.2554919437E-05  -1.6314032416E-05   2.9586824500E-05
   44      9.2935526319E-05  -2.6505850597E-04   4.4523821727E-06   4.8662862780E-05   1.2633585363E-06
                   30                 31                 32                 33                 34        
    0     -4.7668090509E-03   2.7861644922E-03  -9.8618713364E-07   3.2764831652E-04  -7.7269544459E-04
    1      9.9573201796E-04   1.1444878561E-03   2.8530649600E-07  -7.8337683640E-04  -8.7265530350E-04
    2      3.7580847512E-07  -1.7028291467E-05   6.9912387286E-03   1.5203137340E-06  -5.8312794068E-06
    3      2.7594048081E-03  -1.7603213186E-03   2.1009862784E-06  -2.3112253432E-03  -3.1186152029E-03
    4      3.0122771600E-02  -1.0133888286E-02  -2.9309267364E-06  -4.3411846678E-03  -1.5067992011E-03
    5      1.6822036439E-06  -2.3235663168E-05   2.2857577510E-03   7.1064938460E-07  -2.5789857818E-06
    6     -6.0903322543E-02   1.6644612045E-02  -2.6214787718E-05  -1.8774078040E-02  -1.6953621557E-02
    7      1.6731814882E-02  -3.3634281097E-01   1.2063271997E-06   1.4540552741E-02   1.1773285055E-02
    8     -2.5376052117E-05   1.4569859364E-05  -3.4515853965E-02   4.4670520163E-06   2.3001878801E-06
    9      6.2740379736E-03   3.7554047812E-03  -1.7530645344E-06  -2.8199244438E-01   1.1129865406E-01
   10     -2.7893112000E-02  -1.3383916326E-02  -4.3709976690E-06   1.1106943453E-01  -1.1507547950E-01
   11      2.1230906185E-06   1.1963926228E-05   2.3430700918E-03  -2.2168143442E-05  -2.1467411538E-05
   12     -4.3388059209E-03  -3.4712862353E-03   1.5810639471E-06   1.7128062716E-03   2.9941627650E-02
   13     -1.6407985199E-03   5.6598595335E-04   9.9623778582E-07  -1.4576984392E-03  -8.8602630788E-03
   14     -4.5471705130E-07  -4.1633948388E-07   7.2822218245E-03  -8.8870849831E-07   1.0865901771E-06
   15     -1.5888832399E-03  -1.2172116852E-04  -1.7621966248E-06   1.8730480864E-03  -1.3181588675E-03
   16     -2.6567672598E-04   6.6847250066E-04  -4.0560187695E-07  -2.2360989272E-04  -5.4393224149E-03
   17     -3.1271938516E-06   2.3606156340E-05  -6.3542162637E-04  -1.1572483103E-05   9.6827044909E-06
   18      2.0516646103E-04   2.1151023046E-04   6.6837849775E-07   9.1256257235E-04  -3.0791472601E-04
   19     -1.4142579866E-03  -7.2676654299E-04   1.6095989349E-07   4.2523175678E-04   1.2538519003E-03
   20      6.3429621035E-08   3.8046224577E-07   3.6771413666E-04  -2.2032748737E-06  -9.2585575130E-07
   21      2.9814074811E-04  -2.5454022081E-05   5.5580049021E-07  -6.3972922920E-05   1.3210790522E-03
   22      7.9627615712E-06   2.5065401492E-05   5.2656506243E-07  -1.8823017833E-04  -8.5581922082E-06
   23      1.3675183994E-07  -2.9495610857E-06  -9.4209493024E-04   1.6071044287E-06  -1.0738720619E-06
   24      8.3132288678E-05  -1.1487940690E-04   2.0251665752E-07  -2.3726408489E-05   1.4532776872E-04
   25      1.4659445983E-03  -4.9694866690E-04   2.0618594915E-07  -2.5824364510E-05   2.5780912067E-04
   26     -1.9797788951E-07   2.3902864664E-06   3.1481704008E-04  -1.8402476069E-06   1.0558306439E-06
   27      1.4011445113E-03   7.0664827646E-05   1.5350702321E-06  -1.0911131908E-03  -9.4454030477E-04
   28     -3.5993867889E-04   7.0717516369E-04   1.3955797443E-06   7.6487441426E-04   4.5239826669E-04
   29      1.0002695451E-07   5.6256047374E-07  -3.9115879677E-03   1.5556318561E-06  -3.6148429048E-07
   30      5.9215278231E-02  -1.8271094716E-02   2.2271808921E-05   1.3694947031E-03   4.7675990292E-04
   31     -1.8271094716E-02   3.5736821743E-01   4.1548511312E-06  -4.7452547880E-05   8.8579041125E-04
   32      2.2271808921E-05   4.1548511312E-06   2.4486510478E-02   1.1398230055E-06  -1.5047704352E-06
   33      1.3694947031E-03  -4.7452547880E-05   1.1398230055E-06   2.9829234749E-01  -1.2000036128E-01
   34      4.7675990292E-04   8.8579041125E-04  -1.5047704352E-06  -1.2000036128E-01   1.1782349419E-01
   35      3.5455890934E-07   7.8612376430E-08  -4.0331837317E-03   2.1230188221E-05   2.2727188764E-05
   36      3.5494417980E-05  -6.3746600774E-05   7.6745413423E-08   2.5958034492E-05  -7.6869380241E-05
   37      1.1100967714E-04  -2.5131492207E-05   1.3407499840E-08   1.0814005179E-05   2.6761196029E-05
   38      3.1630745723E-09   5.0172082926E-07  -4.7172529254E-06  -2.8424987612E-07   2.8253934803E-07
   39      3.1417479838E-05   6.0167537791E-05   1.8029903866E-04  -3.3125987065E-05   9.8149472068E-05
   40     -4.2305654738E-05  -3.9542803295E-05  -1.1005449237E-04   9.2058517707E-05  -3.2685113822E-04
   41     -2.7797865968E-05  -3.7180720716E-05  -3.6147976278E-05   1.2726345308E-05  -2.5264003418E-05
   42      3.1381475270E-05   6.0342877973E-05  -1.8053683054E-04  -3.3260171597E-05   9.8403797336E-05
   43     -4.2136264970E-05  -3.9796876513E-05   1.0988514611E-04   9.2204416504E-05  -3.2728035504E-04
   44      2.7590128315E-05   3.7310932028E-05  -3.6361181908E-05  -1.2744135430E-05   2.5161255718E-05
                   35                 36                 37                 38                 39        
    0     -2.9501766110E-08   6.1298690945E-04   2.3903669161E-03  -8.8461321614E-07  -2.0847937317E-04
    1      1.8924596245E-06   2.0837937058E-04  -6.7471624976E-03  -1.4734702755E-07  -2.2502665336E-03
    2     -4.8581553392E-04   4.1253516672E-06   3.7268868227E-06   1.3278830173E-03  -2.1727393447E-04
    3     -4.0265633898E-07  -4.3192991997E-05  -1.8452930409E-03   6.0099538046E-07  -3.9057586484E-04
    4     -7.3838346569E-07   5.4434055197E-04   3.6272382045E-05   2.5574433838E-07   1.2461258976E-03
    5      7.1922664642E-03  -2.0917221564E-06  -6.4489444832E-07   5.2791657644E-04  -4.2157131541E-04
    6      7.1249431005E-07   2.4182965387E-04   3.0146416629E-04   1.3383743047E-07   8.7805918886E-04
    7      3.3540980700E-08  -8.0639295050E-07   7.9359317444E-05   3.5449196172E-07  -2.5592752301E-04
    8      2.8225515506E-03   2.0838350471E-06   1.2579031105E-06   1.8960339396E-05  -4.6257571245E-05
    9     -2.3812125378E-05   2.5564218926E-04   8.0268640065E-06  -4.0791587959E-07  -4.6150374134E-04
   10     -2.1087926868E-05  -1.3724062167E-04  -6.3071539303E-05  -3.5080941699E-07  -4.8105029937E-04
   11     -3.5888256393E-02   2.0806335154E-06   6.7179344105E-07  -1.5162651822E-04  -5.8566442415E-04
   12      1.2246597905E-07   5.5291730399E-04  -2.1853035584E-03  -1.5935553254E-05   8.6039441424E-05
   13     -1.7250792631E-06   2.0186721472E-03   1.7836502638E-03  -7.0585344626E-06   1.6316178738E-03
   14      2.6788838448E-03  -2.0044012123E-05   2.5344990063E-05   7.3702869183E-05  -1.1889284850E-07
   15      2.1628453614E-06   3.3483013225E-03  -3.1738771248E-02   2.9765498632E-06  -1.4070250926E-03
   16     -2.4836680021E-06   2.2097441449E-03  -1.3455033923E-02   4.6768301135E-07   2.7252584642E-03
   17      7.1731672519E-03  -4.4370143931E-06  -7.3796827190E-06  -1.5445423606E-03   9.6900853826E-04
   18     -2.0120197730E-07   3.6260643608E-04   1.1811512313E-03  -2.2545798934E-06   2.5362520888E-04
   19      5.1750557149E-07  -2.5047604928E-04  -1.1218481360E-06  -2.7802547270E-06  -1.3151263008E-05
   20     -3.8747021132E-03  -4.1659552388E-06   8.4647115590E-07   1.7242681092E-04   4.1083208763E-04
   21     -2.2820273976E-07  -2.6682734979E-01  -9.7543628583E-02   1.3726434337E-05  -1.1067287785E-01
   22      9.0270243615E-08  -1.0245520335E-01  -9.5388634182E-02   1.9549037693E-05   3.6997359859E-02
   23      1.9370594390E-04   1.6564934658E-05  -1.6563126753E-05  -4.8739377888E-02   1.0737315703E-01
   24     -3.9923756823E-07   2.7861470987E-04  -1.8552699269E-05   1.5069866276E-06  -2.8409040045E-06
   25      1.5031689972E-07   1.7631666486E-04   9.6001528956E-05   1.0752415878E-06  -3.4972365780E-05
   26     -1.2673164790E-03   1.9747465379E-06   3.8482131463E-07  -2.3834290114E-04   4.3376568133E-04
   27     -4.2177231919E-07  -1.2414771905E-05   1.3467267713E-06   2.6065121005E-07   2.2312855987E-06
   28     -1.4642960454E-07  -3.8067420060E-05  -5.7946645570E-04   3.2958213515E-07   5.4062846183E-05
   29      2.8271576928E-04   3.2274873557E-07   8.6651574832E-08  -1.7547088165E-04   1.7467703542E-05
   30      3.5455890934E-07   3.5494417980E-05   1.1100967714E-04   3.1630745723E-09   3.1417479838E-05
   31      7.8612376430E-08  -6.3746600774E-05  -2.5131492207E-05   5.0172082926E-07   6.0167537791E-05
   32     -4.0331837317E-03   7.6745413423E-08   1.3407499840E-08  -4.7172529254E-06   1.8029903866E-04
   33      2.1230188221E-05   2.5958034492E-05   1.0814005179E-05  -2.8424987612E-07  -3.3125987065E-05
   34      2.2727188764E-05  -7.6869380241E-05   2.6761196029E-05   2.8253934803E-07   9.8149472068E-05
   35      2.5175755601E-02   1.9592366075E-07  -5.9760470716E-08  -6.5170867699E-05   6.3753953955E-05
   36      1.9592366075E-07   2.8753047952E-01   1.0959986397E-01   2.7417922396E-06  -1.3181339911E-02
   37     -5.9760470716E-08   1.0959986397E-01   1.0568293287E-01  -6.3811359990E-06   9.8751691345E-03
   38     -6.5170867699E-05   2.7417922396E-06  -6.3811359990E-06   4.6292566337E-02   2.3979678000E-02
   39      6.3753953955E-05  -1.3181339911E-02   9.8751691345E-03   2.3979678000E-02   1.1573518148E-01
   40      6.9489031138E-05  -5.8241170810E-03   4.2914927903E-03   1.2107590546E-02  -4.3664010622E-02
   41      2.3882165580E-05  -8.4881962313E-04   1.2432421890E-03   1.2448252473E-03  -1.1816551347E-01
   42     -6.3928109421E-05  -1.3181772132E-02   9.8783283653E-03  -2.3982737223E-02   9.3865021603E-03
   43     -6.9286934641E-05  -5.8231001041E-03   4.2928960882E-03  -1.2113138631E-02  -6.0484659802E-03
   44      2.3568940383E-05   8.4994567819E-04  -1.2452128435E-03   1.2440588827E-03  -1.3943590205E-02
                   40                 41                 42                 43                 44        
    0      1.0959104645E-03   5.1989223461E-04  -2.0995292626E-04   1.0887629431E-03  -5.1756229549E-04
    1      1.1472642953E-03   5.2915099123E-04  -2.2493168689E-03   1.1423113081E-03  -5.2546814006E-04
    2      7.4341362570E-04   1.1703175420E-03   2.1141139044E-04  -7.2969348445E-04   1.1545104460E-03
    3      3.9667082126E-04   2.7343623690E-06  -3.9082945741E-04   3.9967985602E-04  -4.3701321125E-06
    4      7.0352755972E-05  -4.0570532336E-04   1.2466672583E-03   6.9017128296E-05   4.0560187269E-04
    5      9.3223702914E-04   1.7474036981E-04   4.2493135577E-04  -9.3390637176E-04   1.8072698976E-04
    6      1.6503727212E-04  -3.2458405897E-04   8.7830678142E-04   1.6331447434E-04   3.2438779889E-04
    7     -3.5915612987E-04   7.5123486719E-05  -2.5512927670E-04  -3.6037582441E-04  -7.4973916227E-05
    8     -2.2019002426E-04   1.8987991077E-06   4.3182033462E-05   2.1953492653E-04  -2.8327403906E-06
    9      3.9995458925E-04   4.9746805485E-05  -4.6164156596E-04   4.0206521436E-04  -4.9600499697E-05
   10     -4.9022409324E-04   3.3706454523E-04  -4.8137623179E-04  -4.8861005274E-04  -3.3689055372E-04
   11      1.4897822876E-03  -2.2997523326E-04   5.8328124894E-04  -1.4910835767E-03  -2.3329249649E-04
   12     -1.6653735670E-03  -5.2116952485E-04   8.6931090627E-05  -1.6647579042E-03   5.2113739416E-04
   13     -2.9933700324E-03   3.6506600162E-05   1.6325167039E-03  -2.9986081664E-03  -3.8585516132E-05
